! THIS FILE CONTAINS nrm LEVELS FOR DIFFERENT ASPECT RATIOS
! OF CZ AND RZ
!
! depth RZ = 1/4 depth CZ
shellslice_levels_nrm = 0.01, 0.025, 0.05, 0.075, 0.1, 0.125, 0.15, 0.175, 0.19, 0.24, 0.25, 0.3, 0.4, 0.5, 0.6, 0.7, 0.8, 0.9, 0.96
shellspectra_levels_nrm = 0.01, 0.025, 0.05, 0.075, 0.1, 0.125, 0.15, 0.175, 0.19, 0.24, 0.25, 0.3, 0.4, 0.5, 0.6, 0.7, 0.8, 0.9, 0.96

! depth RZ = 1/2 depth CZ
shellslice_levels_nrm = 0.01666667, 0.04166667, 0.08333333, 0.125, 0.16666667, 0.20833333, 0.25, 0.29166667, 0.31666667, 0.3333333333, 0.36666667, 0.41666667, 0.5, 0.58333333, 0.66666667, 0.75, 0.83333333, 0.91666667, 0.96666667
shellspectra_levels_nrm = 0.01666667, 0.04166667, 0.08333333, 0.125, 0.16666667, 0.20833333, 0.25, 0.29166667, 0.31666667, 0.33333333333, 0.36666667, 0.41666667, 0.5, 0.58333333, 0.66666667, 0.75, 0.83333333, 0.91666667, 0.96666667

! depth RZ = 3/4 depth CZ
shellslice_levels_nrm = 0.02142857, 0.05357143, 0.10714286, 0.16071429, 0.21428571, 0.26785714, 0.32142857, 0.375, 0.40714286, 0.45714286, 0.5, 0.57142857, 0.64285714, 0.71428571, 0.75, 0.78571429, 0.85714286, 0.92857143, 0.97142857
shellspectra_levels_nrm = 0.02142857, 0.05357143, 0.10714286, 0.16071429, 0.21428571, 0.26785714, 0.32142857, 0.375, 0.40714286, 0.45714286, 0.5, 0.57142857, 0.64285714, 0.71428571, 0.75, 0.78571429, 0.85714286, 0.92857143, 0.97142857

! depth RZ = depth CZ (unit aspect ratio
shellslice_levels_nrm = 0.025, 0.0625, 0.125, 0.1875, 0.25, 0.3125, 0.375, 0.4375, 0.475, 0.5, 0.525, 0.5625, 0.625, 0.6875, 0.75, 0.8125, 0.875, 0.9375, 0.975
shellspectra_levels_nrm = 0.025, 0.0625, 0.125, 0.1875, 0.25, 0.3125, 0.375, 0.4375, 0.475, 0.5, 0.525, 0.5625, 0.625, 0.6875, 0.75, 0.8125, 0.875, 0.9375, 0.975
